GenderCode,Male,,,
,,,,
Count of FirstName,Column Labels,,,
Row Labels,HIGH,LOW,VERY HIGH,Grand Total
BPC,102,12,14,128
CCDR,104,17,9,130
EW,93,16,10,119
MSC,100,12,15,127
NEL,114,12,13,139
PL,96,19,14,129
PYZ,107,16,16,139
SVG,106,13,10,129
TNS,120,9,13,142
WBL,109,12,15,136
Grand Total,1051,138,129,1318
